,City,Cloudiness,Country,Date,Humidity,Lat,Lng,Max Temp,Wind Speed
0,bethel,1,US,1577477174,68,60.79,-161.76,-18.4,20.8
1,rikitea,99,PF,1577477174,86,-23.12,-134.97,77.23,13.96
2,ponta do sol,100,BR,1577477174,66,-0.53,-65.05,86.02,3.13
3,hofn,100,IS,1577477174,78,64.25,-15.21,46.78,41.07
4,albany,90,US,1577477102,75,42.65,-73.75,46.99,11.41
5,villarrica,90,CL,1577477174,56,-39.28,-72.23,73.4,6.93
6,iquitos,40,PE,1577477082,100,-3.75,-73.25,42.8,3.36
7,yellowknife,90,CA,1577477175,77,62.45,-114.38,-0.4,14.99
8,wenling,0,CN,1577477175,76,28.38,121.38,44.01,5.66
9,chokurdakh,100,RU,1577476702,96,70.62,147.9,-20.04,6.73
10,port alfred,100,CD,1577477175,74,-7.04,29.76,76.46,4.34
11,sao felix do xingu,29,IN,1577477175,43,20.51,76.21,56.48,6.64
12,faanui,100,PF,1577477176,79,-16.48,-151.75,79.79,20.76
13,bosaso,4,SO,1577477176,63,11.28,49.18,76.69,3.47
14,cherskiy,0,RU,1577477176,90,68.75,161.3,-23.13,9.22
15,jamestown,100,AU,1577476727,24,-33.21,138.6,82.92,16.08
16,busselton,0,AU,1577477176,60,-33.64,115.35,54.0,5.91
17,mahebourg,40,MU,1577477176,88,-20.41,57.7,79.0,14.99
18,atuona,99,PF,1577476726,76,-9.8,-139.03,81.09,19.69
19,thompson,75,CA,1577476957,85,55.74,-97.86,15.8,6.93
20,vikevag,75,NO,1577477177,75,59.1,5.7,39.99,21.92
21,qaanaaq,0,GL,1577477177,55,77.48,-69.36,-6.25,6.73
22,hirara,100,JP,1577477177,72,24.8,125.28,66.25,20.24
23,mataura,56,NZ,1577477177,74,-46.19,168.86,52.0,15.01
24,carnarvon,0,ZA,1577477177,38,-30.97,22.13,57.92,22.32
25,hilo,1,US,1577477177,61,19.71,-155.08,80.6,8.72
26,tres arroyos,20,IT,1577477177,86,46.32,11.1,37.99,2.24
27,chuy,60,UY,1577477178,71,-33.69,-53.46,80.4,13.53
28,boa vista,100,CM,1577477178,79,4.43,8.97,79.25,1.99
29,bayanday,95,RU,1577477178,88,53.07,105.52,-19.7,4.5
30,lazdijai,100,LT,1577477179,94,54.23,23.51,34.0,14.85
31,kapaa,75,US,1577477179,73,22.08,-159.32,77.0,21.92
32,bandarbeyla,16,SO,1577477179,76,9.49,50.81,78.71,22.17
33,khatanga,99,RU,1577477179,97,71.98,102.47,-23.44,6.93
34,upernavik,0,GL,1577477179,71,72.79,-56.15,-1.79,5.82
35,san quintin,0,ML,1577477179,11,13.3,-4.9,74.52,7.23
36,makakilo city,90,US,1577477180,94,21.35,-158.09,80.01,6.93
37,longyearbyen,75,NO,1577477180,62,78.22,15.63,19.4,4.7
38,vaini,76,IN,1577477180,81,15.34,74.49,69.49,3.27
39,nouadhibou,0,MR,1577477180,68,20.93,-17.03,68.0,12.75
40,puerto ayora,40,AR,1577477180,21,-51.62,-69.23,69.8,25.28
41,weyburn,0,CA,1577477181,74,49.67,-103.85,24.01,11.01
42,aden,72,YE,1577476975,69,12.79,45.03,75.0,1.57
43,axim,0,GH,1577477181,75,4.87,-2.24,79.2,3.6
44,kendari,98,ID,1577477181,93,-3.99,122.52,75.63,2.04
45,srednekolymsk,98,RU,1577477181,88,67.46,153.71,-28.35,2.75
46,salalah,75,OM,1577477182,42,17.01,54.1,80.6,18.34
47,malabo,0,CD,1577477182,53,1.56,30.43,72.93,5.5
48,hithadhoo,95,MV,1577477182,80,-0.6,73.08,82.69,14.07
49,sioux lookout,1,US,1577477182,74,46.74,-90.88,33.01,11.41
50,new norfolk,20,LR,1577477182,94,6.65,-10.59,80.6,2.64
51,flinders,0,AU,1577477182,100,-34.58,150.85,68.0,10.63
52,kodiak,75,US,1577476727,64,39.95,-94.76,42.01,10.29
53,codrington,22,AU,1577477183,93,-28.95,153.24,62.01,1.92
54,havelock,75,US,1577477183,60,34.88,-76.9,73.99,8.05
55,sitka,99,US,1577477183,96,37.17,-99.65,30.99,1.01
56,jurm,60,AF,1577477183,23,36.86,70.83,24.06,11.95
57,puerto penasco,40,AR,1577477183,21,-51.62,-69.23,69.8,25.28
58,butaritari,100,KI,1577477184,75,3.07,172.79,84.2,14.7
59,jiuquan,100,CN,1577477184,31,39.73,98.49,17.44,8.93
60,ushuaia,40,AR,1577477154,39,-54.81,-68.31,64.4,17.22
61,narsaq,75,GL,1577477184,53,60.91,-46.05,26.6,1.12
62,bredasdorp,0,ZA,1577477184,59,-34.53,20.04,62.6,9.17
63,vila velha,0,IT,1577477184,73,45.18,8.4,43.0,2.24
64,kaitangata,100,NZ,1577477184,70,-46.28,169.85,53.01,10.0
65,norman wells,90,US,1577476908,93,35.22,-97.44,51.01,5.82
66,coahuayana,0,MX,1577477185,31,18.62,-100.35,92.32,2.82
67,novyy chirkey,90,RU,1577477185,92,55.81,37.29,30.99,8.95
68,barrow,51,AR,1577477185,24,-38.31,-60.23,95.56,7.49
69,bilibino,0,RU,1577477185,100,68.06,166.44,-22.31,2.28
70,saint-philippe,90,CA,1577477185,92,45.36,-73.48,44.6,12.91
71,sobolevo,100,RU,1577477186,97,54.43,31.9,33.49,9.28
72,east london,0,UG,1577477186,34,3.43,31.7,73.96,3.87
73,sao joao da barra,29,IN,1577477186,43,20.51,76.21,56.48,6.64
74,shingu,0,JP,1577477186,68,33.72,135.99,42.91,8.14
75,airai,0,TL,1577477186,88,-8.93,125.41,68.99,3.8
76,nelson bay,94,CA,1577476983,84,49.49,-117.29,22.62,0.74
77,zhigansk,100,RU,1577477186,94,66.77,123.37,-26.55,10.89
78,bluff,35,AU,1577477187,68,-23.58,149.07,72.64,16.69
79,dingzhou,0,CN,1577477187,67,38.51,115.0,23.0,6.71
80,broome,75,GB,1577477187,93,52.47,1.45,46.0,4.7
81,tuktoyaktuk,20,CA,1577477187,73,69.44,-133.03,-32.8,9.17
82,georgetown,40,GY,1577477060,79,6.8,-58.16,84.2,9.17
83,lompoc,1,US,1577477188,47,34.64,-120.46,63.0,11.41
84,zhangye,35,CN,1577477188,20,38.94,100.46,23.29,5.77
85,victoria,75,BN,1577477041,83,5.28,115.24,78.8,2.24
86,hovd,100,NO,1577477188,68,63.83,10.7,33.01,23.04
87,ostrovnoy,100,RU,1577477188,96,68.05,39.51,15.96,6.98
88,tasiilaq,100,GL,1577477188,95,65.61,-37.64,19.42,5.26
89,nikolskoye,90,RU,1577477189,82,59.7,30.79,32.0,11.18
90,punta arenas,20,PH,1577477189,74,14.18,121.12,82.4,3.96
91,phan rang,20,TH,1577477189,94,19.55,99.74,68.0,1.12
92,tinglev,40,DK,1577477189,82,54.93,9.25,37.99,6.93
93,praia,40,BR,1577477189,45,-20.25,-43.81,86.0,10.29
94,waitati,90,NZ,1577477190,56,-45.75,170.57,53.01,28.01
95,hobart,75,AU,1577477071,59,-42.88,147.33,62.6,4.7
96,tefe,40,BR,1577477190,66,-3.35,-64.71,91.4,5.82
97,kailua,90,US,1577477190,94,21.39,-157.74,80.01,6.93
98,vilyuysk,85,RU,1577477190,97,63.75,121.63,-37.46,2.19
99,aanekoski,90,FI,1577477191,92,62.6,25.73,19.99,8.05
100,lashio,24,MM,1577477191,98,22.93,97.75,49.17,1.97
101,fortuna,1,US,1577477191,81,40.6,-124.16,52.0,3.36
102,honiara,20,SB,1577477191,94,-9.43,159.96,73.4,5.82
103,hambantota,5,LK,1577477191,80,6.12,81.12,78.48,20.67
104,sur,1,OM,1577477191,64,22.57,59.53,67.6,1.21
105,lanzhou,0,CN,1577477192,65,36.06,103.82,23.0,4.47
106,manzhouli,99,CN,1577477192,99,49.6,117.43,-15.88,3.91
107,lorengau,99,PG,1577477192,77,-2.02,147.27,83.93,15.32
108,tiksi,100,RU,1577477192,88,71.64,128.87,-29.94,5.93
109,tuatapere,61,NZ,1577477193,74,-46.13,167.69,52.0,15.01
110,severo-yeniseyskiy,0,RU,1577477193,97,60.37,93.04,-28.95,1.99
111,altamira,20,BR,1577477193,63,-3.2,-52.21,91.4,5.82
112,etaples,90,FR,1577477193,93,50.52,1.63,46.99,5.82
113,aqtobe,75,KZ,1577477095,85,50.28,57.21,23.0,8.95
114,dikson,100,RU,1577477193,96,73.51,80.55,-9.15,10.0
115,burnie,100,AU,1577477194,79,-41.05,145.91,64.0,5.01
116,saskylakh,100,RU,1577477194,96,71.97,114.09,-29.29,7.43
117,baghdad,30,IQ,1577477039,58,33.3,44.38,53.6,4.7
118,camalu,0,MX,1577477195,49,30.85,-116.07,56.16,7.83
119,avarua,21,CK,1577477195,69,-21.21,-159.78,77.0,10.29
120,provideniya,0,RU,1577477195,82,64.42,-173.23,-12.77,7.43
121,udachnyy,92,RU,1577477195,65,66.42,112.4,-34.6,2.24
122,mar del plata,0,CN,1577477196,47,29.86,90.73,-0.83,6.26
123,kurchum,0,KZ,1577477196,90,48.57,83.65,2.82,5.26
124,cabo san lucas,0,ES,1577477197,87,43.18,-5.8,48.0,3.36
125,pitimbu,20,BR,1577477197,58,-7.47,-34.81,84.2,13.87
126,yuzhou,0,CN,1577477197,68,34.16,113.47,30.2,2.24
127,cape town,20,CL,1577477197,26,-36.41,-71.9,82.4,8.05
128,cockburn town,54,AU,1577477197,20,-32.08,141.0,86.0,11.41
129,santiago,100,PH,1577477197,98,16.69,121.54,70.57,2.19
130,dicamay,100,PH,1577477198,98,16.76,122.0,72.63,4.65
131,belaya gora,96,RU,1577477198,91,51.06,35.71,33.89,1.3
132,taoudenni,0,ML,1577477198,14,22.68,-3.98,67.59,9.31
133,jobat,0,IN,1577477198,32,22.42,74.57,52.84,7.18
134,pinawa,0,CA,1577477198,68,50.15,-95.88,24.3,11.18
135,meulaboh,91,ID,1577477198,78,4.14,96.13,80.76,7.47
136,mount isa,75,GB,1577477199,100,53.66,-1.85,46.99,4.7
137,bay roberts,20,PH,1577477199,74,14.18,121.28,82.4,3.65
138,gorin,1,BF,1577477199,15,12.34,-0.67,73.62,8.95
139,bud,100,NO,1577477199,49,62.91,6.91,41.0,20.8
140,cap malheureux,90,FR,1577477199,100,49.27,-1.21,53.01,4.7
141,kieta,100,PG,1577477200,70,-6.22,155.63,79.99,4.52
142,manokwari,82,ID,1577477200,89,-0.87,134.08,71.96,6.91
143,ballina,90,IE,1577477200,100,54.11,-9.15,54.0,13.87
144,magistralnyy,100,RU,1577477200,98,56.17,107.45,-15.99,2.37
145,saint-georges,100,CA,1577476910,95,46.12,-70.67,35.01,7.4
146,svetlaya,0,RU,1577477201,67,46.54,138.33,8.37,7.92
147,portland,90,US,1577476894,93,43.66,-70.25,43.0,3.36
148,bhag,0,PK,1577477201,24,29.04,67.82,58.15,3.8
149,peruibe,19,BR,1577477201,83,-24.32,-47.0,78.21,13.02
150,homer,1,US,1577477201,60,59.64,-151.54,17.6,8.05
151,port hardy,100,CD,1577477202,74,-7.04,29.76,76.46,4.34
152,beira,0,ES,1577477202,93,43.2,-8.36,46.99,3.36
153,talcahuano,100,CL,1577477202,60,-36.72,-73.12,69.8,10.29
154,eirunepe,69,BR,1577477202,52,-6.66,-69.87,88.93,2.39
155,adrar,100,DZ,1577477203,24,27.87,-0.29,66.2,17.22
156,varhaug,40,NO,1577477203,74,58.61,5.65,39.99,17.22
157,ancud,42,CL,1577477203,78,-41.87,-73.83,59.47,9.64
158,sola,100,TZ,1577477203,84,-3.17,33.8,65.44,4.99
159,san patricio,0,ML,1577477204,11,13.3,-4.9,74.52,7.23
160,novyy urengoy,90,RU,1577477204,92,55.81,37.29,30.99,8.95
161,laguna,40,BZ,1577477204,65,16.17,-88.94,82.4,6.93
162,harper,90,US,1577477204,82,30.3,-99.24,66.99,8.05
163,coihaique,40,CL,1577477204,59,-45.58,-72.07,60.8,9.17
164,saint-joseph,0,FR,1577477205,93,43.56,6.97,48.99,4.7
165,oktyabrskiy,40,RU,1577477205,86,55.61,37.97,30.99,6.71
166,jasper,90,US,1577477205,72,33.83,-87.28,64.4,3.36
167,alice town,1,ZA,1577477205,94,-32.79,26.83,52.25,4.0
168,cayenne,75,GF,1577477205,83,4.94,-52.33,82.4,4.7
169,lasa,40,CY,1577477205,76,34.92,32.53,51.8,6.93
170,hermanus,0,ZA,1577477206,75,-34.42,19.24,64.0,5.99
171,sao filipe,29,IN,1577477186,43,20.51,76.21,56.48,6.64
172,kalmunai,88,LK,1577477206,73,7.42,81.82,80.58,13.35
173,caetite,41,BR,1577477206,66,-14.07,-42.48,74.12,6.91
174,tiznit,0,MA,1577476996,28,29.7,-9.73,61.0,3.74
175,severo-kurilsk,100,RU,1577477206,94,50.68,156.12,21.99,4.85
176,santa fe,100,PH,1577477207,89,17.49,120.43,71.8,3.49
177,plettenberg bay,0,DE,1577477207,92,51.21,7.87,39.0,3.36
178,vila franca do campo,0,IT,1577477207,73,45.18,8.4,43.0,2.24
179,locri,75,IT,1577477207,76,38.24,16.26,55.4,2.24
180,klaksvik,0,FO,1577477207,81,62.23,-6.59,48.2,6.93
181,marsa matruh,75,FR,1577477207,87,42.82,2.16,55.4,13.87
182,vytegra,100,RU,1577477207,85,61.01,36.45,21.92,8.88
183,kenora,5,CA,1577477185,73,49.76,-94.48,23.0,12.75
184,luderitz,0,NA,1577477208,46,-26.65,15.16,69.8,17.22
185,jhawarian,0,PK,1577477208,29,32.36,72.63,49.93,1.99
186,port lincoln,100,CD,1577477202,74,-7.04,29.76,76.46,4.34
187,balkanabat,100,TM,1577477209,54,39.51,54.36,48.13,1.68
188,kalisz,55,PL,1577477209,87,51.76,18.08,34.0,1.99
189,clyde river,0,NZ,1577477209,55,-45.19,169.32,50.0,3.0
190,moscow,90,RU,1577476968,92,55.75,37.62,30.99,4.47
191,padang,27,ID,1577477209,96,-0.92,100.36,68.0,4.72
192,talnakh,100,RU,1577477209,74,69.49,88.39,-27.4,6.71
193,majene,50,ID,1577477210,90,-3.54,118.97,75.24,3.89
194,sindou,0,BF,1577477210,17,10.66,-5.16,76.12,3.09
195,kokkola,40,FI,1577477210,92,63.84,23.13,23.0,3.36
196,capilla de guadalupe,99,PE,1577477210,86,-14.44,-74.69,49.41,8.55
197,aubenas,33,FR,1577477210,71,44.62,4.39,51.8,20.8
198,bantou,0,CN,1577477210,83,26.22,117.49,41.32,2.24
199,birjand,0,IR,1577477211,32,32.86,59.22,39.2,6.93
200,camopi,98,GF,1577477211,96,3.17,-52.33,77.31,4.0
201,sao raimundo das mangabeiras,29,IN,1577477175,43,20.51,76.21,56.48,6.64
202,rocha,56,UY,1577477211,63,-34.48,-54.34,82.9,8.21
203,vestmannaeyjar,33,IS,1577477211,80,63.44,-20.27,46.31,24.52
204,bambous virieux,40,MU,1577477212,88,-20.26,57.41,79.0,14.99
205,honghu,21,CN,1577477212,55,29.82,113.46,42.69,3.8
206,grand river south east,90,FR,1577477212,93,48.39,5.49,46.4,4.7
207,fushun,20,CN,1577477212,78,41.89,123.95,14.0,6.71
208,kirakira,75,SB,1577477212,82,-10.46,161.92,78.8,3.71
209,mount gambier,75,GB,1577477212,100,53.66,-1.85,46.99,4.7
210,pacific grove,90,US,1577477212,87,47.26,-122.25,44.01,6.93
211,indian head,90,US,1577477213,88,33.05,-91.29,68.0,6.93
212,vallenar,100,CL,1577477213,51,-28.58,-70.76,71.96,10.74
213,avera,90,US,1577477213,88,33.19,-82.53,69.01,5.82
214,davila,100,PH,1577477213,84,18.47,120.58,77.79,31.07
215,lappeenranta,90,FI,1577477213,79,61.06,28.19,28.99,13.87
216,sohag,0,EG,1577477213,43,26.55,31.7,55.4,9.17
217,mys shmidta,100,RU,1577477213,91,62.06,48.62,16.07,10.36
218,trofors,50,NO,1577477214,55,65.54,13.39,33.8,10.29
219,hokitika,2,NZ,1577477214,66,-42.72,170.96,56.39,20.29
220,flagstaff,55,US,1577477128,80,35.2,-111.65,45.0,8.05
221,lavrentiya,0,RU,1577477214,83,65.58,-170.99,-12.15,9.44
222,sackville,75,CA,1577477214,68,45.9,-64.37,32.0,8.05
223,cuenca,75,EC,1577477208,46,-2.9,-79.0,73.4,3.36
224,vostok,0,RU,1577477214,92,46.45,135.83,-17.52,3.11
225,port elizabeth,100,CD,1577477215,74,-7.04,29.76,76.46,4.34
226,kruisfontein,91,ZA,1577477215,86,-34.0,24.73,58.17,12.33
227,herat,0,AF,1577477071,44,34.35,62.22,41.86,1.1
228,bushehr,0,IR,1577477186,72,28.97,50.84,66.2,9.17
229,dalbandin,0,PK,1577477215,25,28.9,64.41,51.21,2.66
230,clarence town,90,US,1577477215,93,42.98,-78.59,51.01,9.17
231,nome,90,US,1577477216,83,30.04,-94.42,71.6,9.17
232,mount dora,75,GB,1577477216,100,53.66,-1.85,46.99,4.7
233,riyadh,0,SA,1577477216,42,24.63,46.72,64.4,3.36
234,yeppoon,75,AU,1577477216,64,-23.13,150.74,73.4,9.17
235,kharp,24,RU,1577477216,89,66.82,65.8,-6.48,12.1
236,seydi,0,NE,1577477216,15,13.34,7.75,64.63,9.73
237,muravlenko,100,RU,1577477216,95,63.79,74.5,1.76,21.21
238,west wendover,75,US,1577477217,64,31.8,-97.09,72.0,11.41
239,lebu,20,ET,1577477217,67,8.96,38.73,57.2,12.75
240,aginskoye,100,RU,1577477217,98,51.11,114.54,-9.78,2.35
241,fukue,20,JP,1577477217,56,35.03,136.69,42.8,20.8
242,arraial do cabo,40,BR,1577477218,41,-22.84,-46.65,91.4,11.41
243,dingle,0,PH,1577477218,91,11.0,122.67,73.67,7.38
244,ribeira grande,0,PT,1577477218,66,41.76,-8.56,53.6,5.82
245,kavieng,100,PG,1577477218,77,-2.57,150.8,80.44,8.7
246,jinchang,25,CN,1577477218,21,38.52,102.19,19.08,6.76
247,beyneu,0,KZ,1577477218,84,45.32,55.19,30.56,8.48
248,inhambane,40,MZ,1577477219,79,-23.87,35.38,84.2,15.52
249,karratha,83,AU,1577477219,53,-20.74,116.85,90.57,12.44
250,lubango,98,AO,1577477219,90,-14.92,13.49,62.56,1.63
251,rawson,82,AR,1577477219,38,-43.3,-65.11,77.04,21.79
252,baykit,53,RU,1577477219,98,61.68,96.39,-30.33,1.48
253,itarema,68,BR,1577477219,73,-2.92,-39.92,80.56,12.17
254,ilulissat,20,GL,1577477096,59,69.22,-51.1,1.4,1.12
255,carmen,40,PH,1577477023,88,7.36,125.71,78.8,2.24
256,saldanha,1,PT,1577477220,71,41.42,-6.55,40.84,3.85
257,kuandian,62,CN,1577477220,85,40.73,124.78,21.56,3.04
258,nhulunbuy,12,AU,1577477220,83,-12.18,136.78,75.2,3.76
259,alice springs,1,ZA,1577477220,94,-32.79,26.83,52.25,4.0
260,kaniama,100,CD,1577477221,92,-7.57,24.18,67.3,2.24
261,wanparti,66,IN,1577477221,81,16.36,78.06,68.38,12.73
262,cidreira,17,BR,1577477221,86,-30.17,-50.22,74.3,22.64
263,paita,41,PE,1577477221,100,-5.09,-81.11,62.6,14.99
264,bonavista,98,CA,1577477221,81,48.65,-53.11,25.0,11.99
265,banda aceh,0,IN,1577477221,57,28.24,80.11,47.41,3.74
266,jalu,92,LY,1577477222,50,29.03,21.55,59.23,3.51
267,ginda,0,IN,1577477222,20,30.69,78.49,37.04,5.28
268,aswan,0,EG,1577477222,48,24.09,32.9,54.54,9.51
269,south lake tahoe,90,US,1577477222,77,37.33,-86.36,63.0,0.98
270,pangnirtung,40,CA,1577477222,84,66.15,-65.72,1.4,6.93
271,tonota,20,BW,1577477222,18,-21.44,27.46,89.6,9.17
272,erenhot,91,CN,1577477223,80,43.65,111.97,16.7,14.94
273,bathsheba,40,BB,1577477223,62,13.22,-59.52,86.0,11.41
274,muros,0,ES,1577477223,93,42.77,-9.06,53.01,4.7
275,sturgeon falls,75,US,1577477223,70,39.23,-92.28,45.0,6.93
276,kirkcudbright,100,GB,1577477223,89,54.84,-4.04,51.01,11.01
277,svobodnyy,100,RU,1577477224,67,53.85,40.53,26.19,4.23
278,poronaysk,0,RU,1577477224,86,49.22,143.1,0.99,7.56
279,pisco,20,PE,1577477224,30,-13.71,-76.2,73.0,20.8
280,seoul,1,KR,1577476956,85,37.57,126.98,24.8,1.12
281,hualmay,82,PE,1577477224,62,-11.1,-77.61,75.47,10.2
282,grand gaube,90,FR,1577477224,93,48.39,5.49,46.4,4.7
283,tarauaca,91,BR,1577477225,78,-8.16,-70.77,84.4,1.28
284,pailon,75,BO,1577477225,62,-17.66,-62.72,87.8,18.34
285,port moresby,100,CD,1577477215,74,-7.04,29.76,76.46,4.34
286,antalaha,100,MG,1577477225,79,-14.9,50.28,80.94,13.2
287,aktau,90,KZ,1577477225,81,43.65,51.16,42.8,4.47
288,nanding,95,CN,1577477225,97,24.87,105.42,43.36,2.39
289,rio grande,1,US,1577477226,60,41.11,-90.4,41.0,3.47
290,hermiston,40,US,1577477226,65,45.84,-119.29,41.0,6.93
291,brae,100,GB,1577477226,93,60.4,-1.35,48.2,32.21
292,monrovia,20,LR,1577477193,94,6.33,-10.8,80.6,7.99
293,macusani,99,PE,1577477226,80,-14.07,-70.43,44.15,7.23
294,constitucion,75,MX,1577477227,28,23.99,-104.67,69.8,14.99
295,novopokrovka,90,UA,1577477227,93,49.84,36.56,37.4,2.24
296,gimli,0,CA,1577476974,54,50.63,-96.99,32.0,7.0
297,alyangula,0,AU,1577477227,94,-13.85,136.42,77.0,6.22
298,edgewater,40,US,1577477006,94,28.99,-80.9,77.0,12.75
299,lyambir,96,RU,1577477228,95,54.28,45.12,15.04,4.65
300,rawlins,90,US,1577477228,67,41.79,-107.24,17.6,1.5
301,miraflores,20,PE,1577477136,40,-16.39,-71.52,71.6,12.75
302,puerto del rosario,40,AR,1577477228,21,-51.62,-69.23,69.8,25.28
303,chiredzi,47,ZW,1577477229,78,-21.05,31.67,78.13,17.6
304,tautira,40,PF,1577477229,88,-17.73,-149.15,77.0,3.36
305,xining,0,CN,1577477229,25,36.62,101.77,12.4,4.9
306,caravelas,6,BR,1577477229,77,-17.73,-39.27,77.09,8.84
307,hirado,90,JP,1577477229,61,33.32,129.49,48.2,12.75
308,margate,75,AU,1577477229,59,-43.03,147.26,62.6,4.7
309,basco,1,US,1577477230,64,40.33,-91.2,42.01,4.7
310,biak,99,ID,1577477230,77,-0.91,122.88,81.9,7.54
311,derzhavinsk,100,KZ,1577477230,88,51.1,66.31,23.77,13.44
312,esperance,0,AU,1577477230,93,-33.86,121.89,59.0,5.82
313,pevek,100,RU,1577477230,100,69.7,170.27,-20.45,6.82
314,coquimbo,2,CL,1577477230,68,-29.95,-71.34,64.4,13.87
315,guerrero negro,75,AR,1577477230,41,-24.19,-65.45,91.4,13.87
316,wanning,90,AT,1577477231,80,48.64,13.53,37.0,5.82
317,lyaskelya,100,RU,1577477231,81,61.77,31.02,25.77,11.27
318,novikovo,100,RU,1577477231,92,51.15,37.89,34.23,3.65
319,panaba,77,MX,1577477231,70,21.28,-88.27,76.39,6.44
320,rovaniemi,20,FI,1577477232,84,66.5,25.72,5.0,1.12
321,suoyarvi,100,RU,1577477232,85,62.08,32.35,23.31,12.26
322,oussouye,0,SN,1577477232,73,12.49,-16.54,82.4,2.24
323,remedios,97,CO,1577477232,69,7.03,-74.7,83.37,3.09
324,oranjestad,40,AW,1577477232,70,12.52,-70.03,86.0,25.28
325,kohlu,0,PK,1577477233,39,29.9,69.25,40.1,1.57
326,port augusta,100,CD,1577477215,74,-7.04,29.76,76.46,4.34
327,souillac,90,FR,1577477233,93,45.6,-0.6,53.01,3.36
328,lata,0,IN,1577477233,6,30.78,78.62,18.34,6.76
329,lensk,100,RU,1577477233,99,60.71,114.91,-32.82,1.52
330,erzin,20,TR,1577477233,100,36.95,36.2,44.6,3.36
331,chapais,90,CA,1577477234,94,49.78,-74.86,32.0,10.29
332,juegang,0,CN,1577477234,80,32.31,121.18,37.0,7.16
333,moose factory,1,US,1577477234,78,43.66,-110.72,14.0,4.14
334,tagusao,90,PH,1577477234,82,9.19,117.81,73.42,2.08
335,dargaville,86,NZ,1577477234,84,-35.94,173.86,65.25,11.18
336,twin falls,90,US,1577477235,87,48.16,-123.95,46.0,5.82
337,pantabangan,36,PH,1577477235,92,15.81,121.14,69.21,6.35
338,lerwick,75,GB,1577477235,93,60.15,-1.15,48.2,25.28
339,husavik,0,CA,1577477235,54,50.56,-96.99,32.0,7.0
340,bubaque,0,GW,1577477235,52,11.28,-15.83,79.45,8.01
341,turukhansk,100,RU,1577477235,96,65.8,87.96,-25.02,8.37
342,sorong,100,ID,1577477236,94,-0.86,131.25,74.82,3.83
343,aracati,100,BR,1577477229,75,-4.56,-37.77,79.39,10.18
344,louga,0,SN,1577477236,83,15.62,-16.22,73.4,6.93
345,manga,0,PK,1577477236,81,31.31,74.05,44.6,0.6
346,oak ridge,75,US,1577477236,64,39.89,-94.53,42.8,10.29
347,chuguyevka,0,RU,1577477237,85,44.17,133.87,-10.71,2.53
348,san andres,0,ML,1577477179,11,13.3,-4.9,74.52,7.23
349,ivybridge,75,GB,1577477237,100,50.39,-3.92,52.0,4.7
350,castro,98,CL,1577477237,71,-42.48,-73.76,56.46,7.29
351,yulara,0,AU,1577477238,16,-25.24,130.99,86.0,6.93
352,pinega,100,RU,1577477238,94,64.7,43.39,13.77,7.36
353,hamilton,90,CA,1577477036,87,43.26,-79.87,46.4,13.87
354,areia,40,BR,1577477238,43,-6.97,-35.7,87.8,16.11
355,pemba,75,MZ,1577477238,94,-12.97,40.52,80.6,10.29
356,teguldet,0,RU,1577477238,97,57.31,88.17,-24.36,1.95
357,farafangana,9,MG,1577477239,83,-22.82,47.83,81.37,12.64
358,byron bay,90,US,1577477004,64,32.65,-83.76,69.8,8.05
359,atambua,33,ID,1577477239,85,-9.11,124.89,76.37,2.26
360,mackenzie,75,CA,1577477239,85,55.34,-123.09,24.8,10.29
361,bilma,0,NE,1577477239,22,18.69,12.92,59.47,5.19
362,scarborough,100,GB,1577477239,93,54.28,-0.41,45.0,6.93
363,shelburne,90,CA,1577477239,86,44.08,-80.2,41.0,3.36
364,shunyi,0,CN,1577477240,85,40.13,116.65,27.0,4.47
365,buala,27,SB,1577477240,81,-8.15,159.59,79.9,2.8
366,kutum,0,SD,1577477240,18,14.2,24.66,54.09,6.02
367,araripina,19,BR,1577477240,34,-7.58,-40.5,82.98,5.73
368,kavaratti,45,IN,1577477240,74,10.57,72.64,82.8,8.3
369,vanimo,100,PG,1577477240,79,-2.67,141.3,81.75,18.3
370,touros,40,BR,1577477240,58,-5.2,-35.46,84.2,14.99
371,marzuq,49,YE,1577477241,31,14.4,46.47,55.02,3.0
372,leningradskiy,100,RU,1577477241,93,69.38,178.42,-11.43,15.46
373,benjamin constant,100,US,1577477241,95,33.58,-99.79,46.0,8.01
374,praya,40,ID,1577477241,94,-8.71,116.27,75.2,2.28
375,zyryanka,98,RU,1577477241,83,65.73,150.89,-25.01,4.32
376,fallon,1,US,1577477242,74,46.84,-105.12,30.99,4.7
377,ornskoldsvik,0,SE,1577477242,85,63.29,18.72,12.2,5.82
378,kabinda,100,CD,1577477242,97,-6.14,24.49,69.15,3.69
379,villacidro,20,IT,1577477242,82,39.46,8.74,55.4,9.17
380,kanniyakumari,1,IN,1577477242,79,8.08,77.57,78.17,21.65
381,djenne,0,ML,1577477242,12,13.91,-4.55,72.1,6.98
382,port blair,100,CD,1577477175,74,-7.04,29.76,76.46,4.34
383,shihezi,81,CN,1577477243,92,44.3,86.03,8.94,3.15
384,isabela,3,PH,1577477243,92,10.2,122.99,70.23,5.19
385,santa cruz,100,PH,1577477207,89,17.49,120.43,71.8,3.49
386,kushiro,0,JP,1577477243,67,43.11,144.15,18.07,5.66
387,dedovichi,100,RU,1577477244,90,57.55,29.95,28.26,13.31
388,aklavik,90,CA,1577477244,74,68.22,-135.01,-25.6,3.36
389,bitung,40,ID,1577477244,94,1.44,125.19,75.2,2.24
390,sibolga,75,ID,1577477226,96,1.74,98.78,70.93,3.27
391,amapa,40,HN,1577477244,48,15.09,-87.97,84.2,6.93
392,balkhash,100,KZ,1577477245,79,46.84,74.98,21.2,12.95
393,talmenka,0,RU,1577477245,75,53.82,83.56,-16.6,11.18
394,poum,40,MK,1577477245,68,41.28,20.71,28.4,5.82
395,ardesen,75,TR,1577477246,93,41.19,40.99,48.2,18.34
396,cabedelo,20,BR,1577477246,58,-6.97,-34.84,84.2,13.87
397,marawi,2,PH,1577477246,93,8.0,124.29,72.0,5.01
398,shupiyan,0,IN,1577477246,49,33.72,74.83,16.66,9.35
399,itamarandiba,7,BR,1577476977,93,-17.86,-42.86,69.51,5.77
400,kingman,75,US,1577477246,62,35.19,-114.05,55.0,12.75
401,sheridan,90,US,1577477073,51,39.65,-105.03,39.99,6.93
402,namtsy,90,RU,1577477247,55,62.72,129.66,-52.6,4.47
403,kabompo,86,ZM,1577477247,93,-13.6,24.21,67.15,4.76
404,isangel,66,VU,1577477247,86,-19.55,169.27,78.44,17.72
405,ayr,100,AU,1577477247,85,-19.58,147.4,73.99,10.65
406,zvishavane,85,ZW,1577477247,47,-20.32,30.05,80.92,9.17
407,osakarovka,100,KZ,1577477248,79,50.56,72.58,18.9,14.05
408,turbat,44,PK,1577477248,61,26.0,63.05,58.91,0.18
409,shimoda,100,JP,1577477248,70,34.7,138.93,39.0,3.0
410,novorudnyy,100,RU,1577477248,85,51.5,58.19,15.8,13.42
411,harjavalta,0,FI,1577477248,85,61.31,22.13,23.0,6.93
412,meru,32,KE,1577477248,90,0.05,37.65,50.7,6.49
413,sarahan,0,IN,1577477249,29,31.51,77.79,7.66,18.07
414,nuevo progreso,20,AR,1577477249,44,-27.5,-58.79,96.8,8.05
415,porto recanati,0,PT,1577477166,58,41.15,-8.61,54.0,10.29
416,artsyz,100,UA,1577477249,95,46.0,29.43,36.72,11.43
417,flin flon,90,FR,1577477249,93,48.5,6.66,44.6,9.17
418,kattivakkam,75,IN,1577477249,88,13.22,80.32,78.01,8.7
419,cunha,40,BR,1577477250,58,-23.08,-44.96,86.0,10.29
420,colleferro,0,IT,1577477250,81,41.73,13.0,50.0,4.7
421,carballo,0,ES,1577477250,93,43.21,-8.69,46.99,3.36
422,torbay,75,CA,1577477250,79,47.66,-52.73,26.01,12.75
423,kaeo,0,NZ,1577477250,75,-35.1,173.78,64.0,4.0
424,yar-sale,97,RU,1577477250,99,66.83,70.83,-6.36,5.75
425,hami,19,CN,1577477251,66,42.84,93.51,16.29,0.81
426,ouango,23,CD,1577477251,37,4.31,22.55,71.31,2.37
427,magadan,100,RU,1577477251,66,59.56,150.8,13.87,32.77
428,ranikhet,0,IN,1577477251,39,29.65,79.42,36.77,2.82
429,wodonga,0,AU,1577477251,56,-36.12,146.89,75.99,2.24
430,shebalino,6,RU,1577477251,89,51.29,85.68,-2.31,3.29
431,havoysund,75,NO,1577477252,68,71.0,24.66,30.2,16.11
432,grindavik,75,IS,1577477252,100,63.84,-22.43,41.0,10.29
433,dwarka,0,IN,1577477252,100,28.58,77.04,55.0,3.44
434,juba,100,EE,1577477252,80,57.82,26.93,30.2,10.29
435,murgab,0,TM,1577477252,61,37.5,61.97,48.2,6.93
436,hasaki,20,JP,1577477252,74,35.73,140.83,36.0,14.99
437,yiyang,100,CN,1577477253,66,28.59,112.35,46.81,3.96
438,strezhevoy,78,RU,1577477253,75,60.73,77.6,-16.6,4.47
439,iqaluit,75,CA,1577477253,70,63.75,-68.52,-0.4,13.87
440,tigil,99,RU,1577477253,71,57.8,158.67,13.96,9.53
441,vao,100,EE,1577477253,86,59.1,26.19,27.05,12.1
442,nuuk,40,GL,1577477253,85,64.17,-51.74,15.01,5.82
443,dodoma,40,TZ,1577477253,83,-6.18,35.75,75.2,4.7
444,kahului,40,US,1577477254,78,20.89,-156.47,78.8,10.29
445,lazaro cardenas,75,MX,1577477254,59,29.05,-111.04,66.0,5.82
446,whyalla,100,AU,1577477254,36,-33.04,137.58,81.14,6.53
447,orasje,90,RS,1577477254,87,42.95,22.1,35.6,3.36
448,akdepe,86,TM,1577477254,83,42.05,59.39,39.2,4.7
449,abha,61,SA,1577477254,87,18.22,42.5,57.2,9.17
450,nemuro,100,JP,1577477254,64,43.32,145.57,24.87,18.01
451,teya,75,MX,1577477255,69,21.05,-89.07,79.0,4.7
452,finschhafen,68,PG,1577477255,75,-6.6,147.85,82.11,10.56
453,kimbe,74,PG,1577477255,93,-5.56,150.15,74.95,1.86
454,bam,0,IR,1577477255,38,29.11,58.36,54.03,2.21
455,marystown,0,CA,1577477255,100,47.17,-55.16,32.0,16.42
456,lago da pedra,20,IT,1577477255,93,39.17,16.15,42.8,4.7
457,escanaba,40,US,1577476979,64,45.75,-87.06,36.0,12.75
458,rossland,99,CA,1577477256,84,49.08,-117.8,32.0,1.72
459,masyaf,20,SY,1577477256,87,35.06,36.34,46.4,6.93
460,abalak,98,NE,1577477256,17,15.46,6.28,65.19,12.84
461,palmer,100,AU,1577477256,50,-34.85,139.16,81.0,16.11
462,havre-saint-pierre,90,CA,1577477257,72,50.23,-63.6,17.6,10.29
463,kahna nau,0,PK,1577477257,81,31.37,74.37,44.6,0.36
464,ambon,75,FR,1577477257,100,47.55,-2.56,54.0,2.24
465,cururupu,100,BR,1577477257,73,-1.82,-44.87,81.01,5.26
466,ziway,6,ET,1577477257,75,7.93,38.72,61.61,10.85
467,sept-iles,90,CA,1577477215,85,50.2,-66.38,18.0,8.05
468,beni suef,2,CD,1577477258,77,0.49,29.47,66.27,1.23
469,loreto,12,PY,1577477258,38,-23.27,-57.32,97.27,7.11
470,puerto escondido,40,AR,1577477183,21,-51.62,-69.23,69.8,25.28
471,natal,20,BR,1577477153,69,-5.81,-35.21,84.2,16.11
472,ananindeua,75,BR,1577477258,94,-1.37,-48.4,78.8,3.36
473,skibbereen,75,IE,1577477259,93,51.55,-9.27,50.0,14.99
474,elat,72,CM,1577477259,88,2.91,11.16,71.89,1.68
475,kuldur,100,RU,1577477259,92,49.22,131.63,-13.68,1.25
476,avenal,75,US,1577477259,66,36.0,-120.13,59.0,12.75
477,obihiro,0,JP,1577477259,79,42.92,143.2,11.5,7.78
478,soyo,20,AO,1577477260,83,-6.13,12.37,82.4,3.96
479,salinopolis,100,BR,1577477260,81,-0.61,-47.36,82.18,18.01
480,russell,1,US,1577477260,69,38.9,-98.86,39.99,8.05
481,grand-santi,65,GF,1577477260,89,4.27,-54.38,78.84,3.2
482,opuwo,99,NA,1577477260,44,-18.06,13.84,77.88,7.83
483,jumla,0,NP,1577477261,22,29.28,82.18,20.19,7.9
484,porto santo,0,PT,1577477141,58,41.15,-8.61,54.0,10.29
485,priargunsk,26,RU,1577477261,100,50.37,119.09,-28.16,1.66
486,lebyazhye,90,RU,1577477261,80,59.96,29.42,32.0,11.18
487,batagay,30,RU,1577477262,93,67.65,134.64,-36.51,1.95
488,bonthe,0,SL,1577477262,80,7.53,-12.5,80.33,7.34
489,beringovskiy,73,RU,1577477262,93,63.05,179.32,-16.11,20.47
490,camacha,40,PT,1577477262,88,33.08,-16.33,64.4,12.75
491,zhanaozen,17,KZ,1577477262,92,43.35,52.85,36.28,6.31
492,marsh harbour,75,GB,1577477263,100,53.65,-1.81,46.99,4.7
493,papineauville,90,CA,1577477263,100,45.62,-75.02,41.0,9.17
494,kudahuvadhoo,27,MV,1577477263,77,2.67,72.89,81.81,11.74
495,lahaina,40,US,1577477263,83,20.87,-156.68,78.8,13.87
496,little current,75,US,1577477263,66,35.35,-96.67,60.8,6.33
497,pimentel,100,BR,1577477263,83,-3.7,-45.5,80.53,4.56
498,takoradi,0,GH,1577477263,72,4.89,-1.75,82.11,8.79
499,bur gabo,0,FI,1577477264,94,63.56,22.87,23.0,2.24
500,maniitsoq,0,GL,1577477264,53,65.42,-52.9,17.13,2.71
501,sidney,1,US,1577477264,79,47.72,-104.16,32.0,9.17
502,tazovskiy,100,RU,1577476727,97,67.47,78.7,-7.01,14.94
503,guiren,75,TW,1577477265,72,22.97,120.29,69.01,4.7
504,mackay,75,CA,1577477265,73,53.65,-115.58,30.2,4.7
505,george town,100,MW,1577477265,76,-15.35,34.83,74.95,4.25
506,katsuura,20,JP,1577477265,86,33.93,134.5,37.4,11.41
507,ahuimanu,90,US,1577477265,94,21.44,-157.84,80.01,6.93
508,murupara,20,NZ,1577477265,46,-38.46,176.71,75.0,1.01
509,rossano,8,IT,1577477266,85,39.57,16.63,41.0,3.56
510,sucre,75,BO,1577477266,51,-19.05,-65.26,62.6,13.87
511,peleduy,100,RU,1577477266,98,59.63,112.75,-13.74,1.86
512,dawson creek,75,US,1577477266,58,39.85,-89.46,43.0,1.99
